id,p_mens_email,p_womens_email,p_no_email
13512,0.102805140680457,0.19940473632985514,0.6977901229896879
900,0.1873433767260656,0.19808630762313031,0.6145703156508041
40793,0.23111616795583131,0.13071464123159027,0.6381691908125785
56824,0.17908219829305116,0.15560221294891513,0.6653155887580336
3244,0.19453171866160596,0.23670189858867818,0.5687663827497159
52854,0.1570950200168254,0.255116054281968,0.5877889257012066
28901,0.15883514796597512,0.2581199449155341,0.5830449071184909
44916,0.16085518316089414,0.2724612119718943,0.5666836048672116
14242,0.13663091381403825,0.22800606811345736,0.6353630180725045
51344,0.1262609890957707,0.2155014595575728,0.6582375513466565
23577,0.19843861331727938,0.18828310100185633,0.6132782856808643
61795,0.14032600066320192,0.22094519522086864,0.6387288041159295
27845,0.1835143225099641,0.09863425529350883,0.7178514221965271
39343,0.2683917143420463,0.14895939457980792,0.5826488910781458
54904,0.12677357226301786,0.2016830797036586,0.6715433480333236
4976,0.1019836583006669,0.19238437956232854,0.7056319621370045
54310,0.13239521330353124,0.23805931088592905,0.6295454758105397
18024,0.22241103730692932,0.11560550618802044,0.6619834565050503
31144,0.26840119849822053,0.15320602439360514,0.5783927771081743
7247,0.18495780319761812,0.10667340578603358,0.7083687910163484
1804,0.11621525764810149,0.24506572463168463,0.6387190177202139
37908,0.15382757320796667,0.24794763670518907,0.5982247900868443
13673,0.20669314475733935,0.12296902938048274,0.6703378258621779
13404,0.1267888307373805,0.20380299413975062,0.6694081751228689
54894,0.15193894217497125,0.27038550982987253,0.5776755479951563
8045,0.2222441817976265,0.13409638010675998,0.6436594380956135
53013,0.14898060207143432,0.25617028046043905,0.5948491174681267
14232,0.1891596479103269,0.09972003474034703,0.7111203173493261
19370,0.23138183290048533,0.12624097828561226,0.6423771888139025
13060,0.12810652901828912,0.2319463186432974,0.6399471523384135
20425,0.17059522111603745,0.12019746484474786,0.7092073140392148
19804,0.18628028095846516,0.14970506917913087,0.664014649862404
21056,0.225263817862058,0.12325995588495896,0.6514762262529831
16343,0.10486596465583187,0.1750747591043237,0.7200592762398444
4247,0.27798314428917986,0.14093361173354546,0.5810832439772746
5721,0.13562362381319082,0.22632313885926972,0.6380532373275395
57988,0.13709438486358824,0.1987109302547958,0.664194684881616
62116,0.21961877341729327,0.1996526632728721,0.5807285633098347
30820,0.30392690187938204,0.13349160237053898,0.562581495750079
10070,0.12153025145424975,0.2012366753178932,0.6772330732278571
55151,0.11020276601543008,0.1701263073566121,0.719670926627958
31226,0.20676646346230718,0.12922871988256127,0.6640048166551316
34554,0.10420408624671845,0.18514886423317176,0.7106470495201098
61519,0.10389515773914858,0.17782291879651874,0.7182819234643327
50669,0.13168549270869315,0.23658270954542732,0.6317317977458795
21161,0.18674060613853188,0.10188221921417702,0.7113771746472912
27396,0.24618572738301844,0.16192891107546956,0.5918853615415121
57055,0.1873183238823288,0.09510534694603237,0.7175763291716389
20945,0.2027678619396503,0.20906240096499096,0.5881697370953587
21286,0.19658934724238056,0.11627222090600506,0.6871384318516144
53231,0.2134203507488767,0.11031103546575718,0.6762686137853662
48892,0.1332181405683489,0.22917389025229407,0.637607969179357
1868,0.18578504090189454,0.10262620440927074,0.7115887546888348
1304,0.1377718802735647,0.2308078141179545,0.6314203056084808
57908,0.26202098296501075,0.13530697422326055,0.6026720428117287
53486,0.14509317445845998,0.21199331513468914,0.6429135104068509
29561,0.10512465302270806,0.16599179569879163,0.7288835512785004
18468,0.2244209934199128,0.11539183413502958,0.6601871724450576
41487,0.16157452959786123,0.24595478853810804,0.5924706818640307
44063,0.10750246569829844,0.17737943384165344,0.7151181004600482
19721,0.2502454238765695,0.1528439872499967,0.5969105888734338
59081,0.24824354638338295,0.10796713505790105,0.643789318558716
55512,0.221846831263586,0.13420470272586896,0.6439484660105451
21028,0.22889569166716522,0.13364075283468538,0.6374635554981495
14093,0.19769324409914357,0.09370970604244958,0.7085970498584069
27885,0.12281560688130716,0.20465688833961726,0.6725275047790755
56414,0.25254221376653235,0.14067844085598263,0.6067793453774851
12729,0.13030264084632265,0.21503259822797985,0.6546647609256975
46069,0.10411257893986373,0.19099185779171082,0.7048955632684254
5172,0.23161049389342903,0.1298787599501197,0.6385107461564513
22318,0.2093198795473276,0.12117016639010601,0.6695099540625664
57361,0.13781862754435234,0.19955675927916322,0.6626246131764845
55584,0.21422828481140144,0.1183493504775359,0.6674223647110626
24483,0.23175086929348332,0.17709044893819204,0.5911586817683246
42086,0.1362999135805375,0.23397464374490087,0.6297254426745617
40648,0.21719187994134168,0.11881532155921969,0.6639927984994386
31921,0.13044753638583045,0.19963434478444286,0.6699181188297267
24290,0.26049521587302854,0.1535652472489475,0.585939536878024
63298,0.22250735929565854,0.1962916940235091,0.5812009466808324
18730,0.21737594029386642,0.11414184093029107,0.6684822187758425
37279,0.13906249163780915,0.22605406751858623,0.6348834408436047
26870,0.23598130422591682,0.12759538967288495,0.6364233061011982
7412,0.17447148920170769,0.1101224366507821,0.7154060741475102
14835,0.13157795615258852,0.20235767105052913,0.6660643727968825
8183,0.21076649667972366,0.1174223619466316,0.6718111413736447
49746,0.23933304377715656,0.16735628825757554,0.593310667965268
12248,0.2221992551692162,0.12645693624837415,0.6513438085824097
63469,0.15145636223253361,0.19664888626666888,0.6518947515007976
14968,0.18013002042676554,0.24667525557429437,0.5731947239989401
57928,0.14835706383841768,0.2759446590389215,0.5756982771226608
20468,0.21930904595352468,0.11584338339177858,0.6648475706546968
1474,0.12787061767897537,0.2612064018347446,0.61092298048628
2618,0.16741157642761162,0.1223821978970793,0.7102062256753091
58421,0.13644208604489638,0.22831891999156192,0.6352389939635418
24384,0.2123727467490586,0.21586798546184444,0.571759267789097
12003,0.1258259268918487,0.20160079454220137,0.67257327856595
10151,0.15990740997647804,0.25394782337752625,0.5861447666459958
57306,0.11850848614844252,0.2151814044384115,0.6663101094131461
23284,0.11009995505189892,0.1749687253671541,0.714931319580947
23169,0.16013200938867736,0.25319857024960024,0.5866694203617224
54834,0.21289310719282356,0.11823694753859289,0.6688699452685836
39338,0.14041869046728114,0.22011923648517892,0.63946207304754
39329,0.11792645015702283,0.17392322461449328,0.708150325228484
27657,0.17217112005130336,0.10332100430357442,0.7245078756451222
15938,0.12136307929219857,0.20576541518511224,0.6728715055226893
34660,0.16391380435094877,0.2547941148651956,0.5812920807838556
49300,0.12976662160781516,0.19428411465284706,0.6759492637393378
6901,0.12773678437578134,0.20380943116535927,0.6684537844588594
51282,0.25992527211587163,0.175354005651458,0.5647207222326703
17320,0.1305187645878993,0.2009124140252604,0.6685688213868404
56918,0.1905061467532988,0.100927084750592,0.7085667684961092
28383,0.16058360971358243,0.25118090089060296,0.5882354893958147
47099,0.178736152425333,0.10153599096951262,0.7197278566051544
61446,0.09444850110084854,0.1839980898108935,0.7215534090882579
3186,0.12936993257541107,0.1916671466260074,0.6789629207985816
59827,0.18669194173659714,0.2269778332916822,0.5863302249717207
24760,0.15184498765036764,0.20751217158595897,0.6406428407636735
34271,0.1262356621325587,0.20568371371479235,0.668080624152649
29264,0.17789734767443405,0.16531577717550844,0.6567868751500576
28563,0.17342251742865736,0.1622108634340767,0.6643666191372659
9962,0.23053154940494502,0.12632451020052263,0.6431439403945324
56599,0.25636402288529747,0.15724726445679968,0.5863887126579028
44331,0.21044183497333271,0.11833929748713466,0.6712188675395326
54118,0.22556346314869646,0.13422294004203217,0.6402135968092715
48271,0.23361629609290985,0.13005856474562758,0.6363251391614626
53065,0.1751032438680806,0.2375308029023954,0.5873659532295241
5936,0.22770922266869856,0.13280439437111854,0.6394863829601829
62083,0.13719863642236405,0.2276418633000508,0.6351595002775852
17512,0.18159052458533012,0.10662012724112888,0.711789348173541
26880,0.10587557523572094,0.18530619022674727,0.7088182345375318
50785,0.10846592941181474,0.18091002553063373,0.7106240450575515
9051,0.20494131880281605,0.11973928622097113,0.6753193949762129
34888,0.1572622220407913,0.2576246954703876,0.5851130824888212
43420,0.13781755938232174,0.22860946221860726,0.633572978399071
36948,0.2493145093430618,0.16195144247533835,0.5887340481815998
46687,0.1811384708113204,0.10175250631429993,0.7171090228743797
1507,0.1129392926801369,0.1668679808961802,0.7201927264236828
57728,0.21531123327483023,0.20332472948657063,0.5813640372385992
38229,0.21523778172082175,0.11747151330471614,0.6672907049744621
49261,0.13194480227620017,0.23925520103439502,0.6287999966894049
35006,0.11327990080667631,0.16677267083294373,0.71994742836038
36212,0.12638168952734538,0.20894134085442445,0.6646769696182302
31875,0.1818413496018119,0.10132802197447933,0.7168306284237088
54109,0.1427859415274967,0.21747765667170066,0.6397364018008027
20225,0.16917204876018013,0.25143328281313154,0.5793946684266883
37293,0.12149404356533236,0.2054431129113225,0.6730628435233451
1463,0.20577626006289929,0.12040337010042203,0.6738203698366787
15266,0.24686110401825262,0.12495299148060293,0.6281859045011444
28560,0.22379869499834912,0.13573225420348903,0.6404690507981619
29632,0.22759077004611597,0.13143053063088436,0.6409786993229997
661,0.19239954166906661,0.09899249804414645,0.708607960286787
5995,0.11807072171345069,0.22088845309296526,0.661040825193584
5540,0.1496305126185458,0.2732044194941104,0.5771650678873439
53862,0.26062369914329064,0.15444934497585838,0.584926955880851
32159,0.2819131601883912,0.14575117684987218,0.5723356629617367
27925,0.23229852579030605,0.13006833803443194,0.637633136175262
50039,0.1372101866229483,0.22322866603808109,0.6395611473389706
6537,0.2599208070444707,0.15478640533267707,0.5852927876228522
57137,0.16569172612826508,0.2485023012283418,0.5858059726433932
62945,0.14128407462146098,0.22046817130546298,0.638247754073076
9452,0.2599871676074887,0.15262934565579978,0.5873834867367116
44670,0.2570854322496999,0.15530125281689,0.5876133149334102
15713,0.11911507574101077,0.22474907848415449,0.6561358457748349
19617,0.16597511310559723,0.24640669165294324,0.5876181952414595
50949,0.25403109737632,0.1613881522367396,0.5845807503869404
50776,0.25718336906639594,0.15574223467266535,0.5870743962609387
32740,0.1668304569763056,0.23598147369033892,0.5971880693333556
24740,0.25173149577841897,0.11866031677504811,0.629608187446533
49376,0.2099121075035147,0.20197523174673532,0.58811266074975
46610,0.17911800886683196,0.09618468863688234,0.7246973024962857
21823,0.22908537437013393,0.13146817360408677,0.6394464520257793
28842,0.22685035160788963,0.1317945071642496,0.6413551412278609
63253,0.18066751720217097,0.15517693811593536,0.6641555446818936
4057,0.19992574969126065,0.11401525731228032,0.686058992996459
60345,0.24147696032473387,0.15979897068201332,0.5987240689932529
6364,0.2660202345671698,0.14425834145931185,0.5897214239735183
34808,0.1363521581919755,0.22989504950303766,0.6337527923049869
52220,0.14019783257701338,0.22222049590292742,0.6375816715200593
31681,0.13321329356708536,0.2092032960020164,0.6575834104308983
14620,0.15814244488847348,0.2542094255368614,0.5876481295746652
43871,0.17651819599743765,0.10432483956563829,0.7191569644369241
18014,0.16189863575915447,0.25010636339034814,0.5879950008504974
36200,0.1151361756682106,0.17085350785767733,0.7140103164741121
56916,0.22865863322890106,0.13090829479030275,0.6404330719807962
45085,0.20862241633251907,0.12277772216311936,0.6685998615043616
50171,0.2084026506717949,0.12350834215628133,0.6680890071719239
59373,0.12627247899902042,0.208968284910238,0.6647592360907416
46380,0.14286506721967543,0.28949426168897846,0.5676406710913461
34540,0.26000043471895695,0.15216498663529948,0.5878345786457435
8940,0.11085191084791914,0.17447966344900906,0.7146684257030718
4466,0.2045385433423454,0.14004186204474753,0.6554195946129071
41693,0.24742064190244623,0.15965207219552338,0.5929272859020305
6206,0.18164454389956683,0.1647468478079788,0.6536086082924544
21521,0.1316318811651678,0.20778876145643152,0.6605793573784007
7388,0.16034111108822424,0.25159667638720307,0.5880622125245727
6686,0.21345711194736192,0.12056953755363403,0.6659733504990042
62214,0.10557145762531484,0.1751880413221384,0.7192405010525468
53314,0.19966037395076336,0.19707620563637185,0.6032634204128647
1386,0.20556785740091038,0.11909105021097355,0.6753410923881161
16755,0.2581995196166838,0.1533198983781178,0.5884805820051985
43647,0.17574157728068934,0.0980733026447998,0.7261851200745109
60294,0.09800060941064712,0.20213833441798376,0.6998610561713691
28065,0.10536869459755271,0.1841608496171173,0.7104704557853301
18432,0.1036854512859618,0.1941957167177688,0.7021188319962695
8342,0.1749132643945309,0.10778072097736646,0.7173060146281026
3735,0.13710566316911604,0.22184180273394083,0.6410525340969432
34284,0.2486564373988673,0.12266584262986097,0.6286777199712718
62768,0.13110492990366607,0.2035634720369878,0.6653315980593462
9849,0.14032600066320192,0.22094519522086864,0.6387288041159295
52046,0.24851351921460876,0.155081302566405,0.5964051782189863
57365,0.21331585239260759,0.117708215705071,0.6689759319023215
4240,0.17736337577495664,0.10486064801055088,0.7177759762144925
3674,0.2273429060287074,0.1328740668127496,0.639783027158543
53969,0.13449140679626748,0.23262448853796866,0.632884104665764
51811,0.12737451240183262,0.24374930384397817,0.6288761837541893
12706,0.13974807137440406,0.22075972842123526,0.6394922002043607
18467,0.18530372075966786,0.09890989010314838,0.7157863891371838
32106,0.21538444317839617,0.194800349774386,0.5898152070472178
39320,0.20510826036679472,0.11678268160785299,0.6781090580253523
60046,0.11503580325981694,0.17312485834316832,0.7118393383970147
48986,0.22746559342580036,0.13525612544953824,0.6372782811246614
28318,0.2304923962810914,0.13040034806310843,0.6391072556558002
14347,0.11018916979281489,0.17827176241718587,0.7115390677899993
45351,0.2575513919425078,0.15748459324503783,0.5849640148124543
54154,0.10907657915522008,0.176567523553248,0.7143558972915319
47110,0.1934023620451971,0.0984057048607256,0.7081919330940774
51821,0.10541430473400557,0.18274030619934845,0.711845389066646
37325,0.22616212712833061,0.11866857818770099,0.6551692946839685
29232,0.191764191004543,0.14396347680325158,0.6642723321922055
46839,0.10643482717542625,0.17914624911515906,0.7144189237094146
36788,0.2091852441766898,0.2266162050067948,0.5641985508165154
36300,0.16439740079787196,0.2666089738848638,0.5689936253172642
39895,0.14019783257701338,0.22222049590292742,0.6375816715200593
9331,0.24176827449311597,0.09373371413119957,0.6644980113756844
7953,0.18093634394507385,0.10626435933849765,0.7127992967164286
51677,0.13978596991997672,0.30098958575631884,0.5592244443237044
36407,0.1967958064847997,0.09663403329431994,0.7065701602208804
3573,0.22001913119195948,0.1147751877737082,0.6652056810343323
20887,0.15041051064600253,0.12871252226340704,0.7208769670905905
20883,0.10534131736749096,0.1651272990107823,0.7295313836217268
24872,0.10844531559259245,0.18018113136500996,0.7113735530423976
13648,0.10583230133968619,0.18125841919174612,0.7129092794685677
39569,0.12729615566174696,0.20753894892766786,0.6651648954105852
39190,0.12730669888192137,0.2018696434482869,0.6708236576697917
21948,0.1828677466186595,0.10505706531339203,0.7120751880679485
48097,0.17362054633664084,0.1791358514246737,0.6472436022386855
7174,0.2107587389201067,0.2069916173985296,0.5822496436813637
59782,0.11795331438410386,0.17550094421547455,0.7065457414004216
29078,0.13603861354869837,0.22947910056346618,0.6344822858878355
11548,0.24091496757869266,0.2009746882451281,0.5581103441761793
23969,0.16434984834248204,0.13852507729254998,0.6971250743649681
39397,0.12500470087410223,0.20283678431763164,0.6721585148082662
936,0.11803663875689169,0.16965230083126348,0.7123110604118449
63001,0.2515750107914087,0.16018952471216757,0.5882354644964237
42661,0.22936433549072113,0.10918134410462724,0.6614543204046516
60506,0.21624909062492642,0.1193535602791151,0.6643973490959585
47802,0.2644221130104611,0.1537571487367288,0.5818207382528102
53758,0.2155754616606713,0.11985321885033647,0.6645713194889923
11591,0.24665820019156443,0.19901707201481098,0.5543247277936246
45091,0.1895578410113649,0.12829574751379572,0.6821464114748395
24590,0.2084026506717949,0.12350834215628133,0.6680890071719239
9194,0.20358007205805018,0.2152128229847527,0.5812071049571972
18583,0.1795706678407437,0.10576529917108865,0.7146640329881676
60627,0.15355581274893718,0.24920960249267238,0.5972345847583904
20356,0.19483964796291853,0.12641353370950084,0.6787468183275807
43065,0.1717799218439928,0.24274379104411725,0.58547628711189
33184,0.24290883739765468,0.17852285625920356,0.5785683063431418
31530,0.27389431876312526,0.14760727317197417,0.5784984080649006
50349,0.1822140447415802,0.10243822844430654,0.7153477268141133
13558,0.22010158935995958,0.13847070424071073,0.6414277063993297
4078,0.20173915705818296,0.12406285176719534,0.6741979911746216
54871,0.21284002891527234,0.20306899210148582,0.5840909789832418
51860,0.22564927820999583,0.13365975581155043,0.6406909659784538
25022,0.26669265998657515,0.14767995850751625,0.5856273815059087
25051,0.21169448308036917,0.21076448889139876,0.5775410280282322
11475,0.21396124261157973,0.11651014568282753,0.6695286117055929
60755,0.25885362401552664,0.140741266529247,0.6004051094552264
19229,0.13276138891827555,0.19860269738408767,0.6686359136976369
54707,0.19119121745494352,0.09962946032191715,0.7091793222231393
46311,0.2030596418284311,0.1212967093232358,0.6756436488483332
16156,0.12483397139274187,0.20739049138565818,0.6677755372216
14911,0.2018171893379782,0.1277563515002812,0.6704264591617406
54853,0.16908194497610354,0.23287947306390225,0.5980385819599943
53929,0.1488226109931407,0.2710053271308444,0.5801720618760149
39428,0.22498909609669032,0.1350713450799628,0.639939558823347
26652,0.17960941881614131,0.23717650295012652,0.5832140782337322
43948,0.14250114679237716,0.29168641055181216,0.5658124426558107
42958,0.20919193375141468,0.12086170837737657,0.6699463578712088
9335,0.1615386615347584,0.2543535388313362,0.5841077996339054
11765,0.17887262967344933,0.10169733920244026,0.7194300311241104
19333,0.14317939592734677,0.19656781396184345,0.6602527901108097
44581,0.18272874826916,0.10786339742131948,0.7094078543095205
13913,0.25990754796121474,0.11716632685230953,0.6229261251864758
30615,0.17462125215539046,0.11740331426330446,0.7079754335813051
26335,0.10237368252617901,0.19590632422040083,0.7017199932534203
23824,0.10640812880382103,0.1774803158113056,0.7161115553848734
47104,0.13576317953516875,0.22346176638671716,0.6407750540781141
52207,0.13583977561034163,0.23090568118047494,0.6332545432091835
14063,0.12407039214461166,0.1683600870400963,0.7075695208152921
60115,0.13981773987676255,0.2188824634813206,0.6412997966419168
63734,0.11522471758257792,0.16995583494217512,0.714819447475247
6771,0.21705038934826654,0.21046517332995582,0.5724844373217777
449,0.09621851489385612,0.1783438925772973,0.7254375925288465
43852,0.15128281349315176,0.20838383436804095,0.6403333521388073
2339,0.17994151911145703,0.10121204779646523,0.7188464330920777
37636,0.15770681191335345,0.25506885108234906,0.5872243370042974
44895,0.17667518016002856,0.1024034384651805,0.720921381374791
60899,0.1596882953333276,0.25550988506384253,0.58480181960283
10900,0.23583107081502747,0.12840221986147832,0.6357667093234943
31356,0.18892262372068996,0.1498080281397533,0.6612693481395567
44739,0.10901448604668237,0.17888816649612008,0.7120973474571975
55015,0.17356790317071571,0.24596676203570775,0.5804653347935765
44269,0.13896969570395515,0.22647613787497226,0.6345541664210727
44521,0.12974040876470108,0.1958768998295381,0.6743826914057608
22795,0.1033134032992419,0.18699618638763002,0.7096904103131281
9750,0.10143261296858769,0.186339767200829,0.7122276198305834
37773,0.18824198707847092,0.0976849723520634,0.7140730405694657
35134,0.23035513633162158,0.13237823118303274,0.6372666324853457
31532,0.1558567609403564,0.2597276387255397,0.5844156003341039
36740,0.2303925396445403,0.13254804223727149,0.6370594181181882
6601,0.2699827248528955,0.14217179320365908,0.5878454819434455
11763,0.22529566918443347,0.13220022735143,0.6425041034641366
39972,0.2153777707741389,0.134604014628053,0.6500182145978082
15759,0.1839298633610365,0.15973795206279112,0.6563321845761724
50616,0.21340775182313898,0.12307693885642912,0.6635153093204319
27176,0.11711656903441905,0.16951247019843138,0.7133709607671496
36372,0.2606876632940724,0.1388350305695324,0.6004773061363953
12487,0.21678608293959944,0.11686413455047232,0.6663497825099283
45811,0.12313481002585168,0.2040995184548558,0.6727656715192926
21021,0.21818675922984357,0.119000055728145,0.6628131850420114
54654,0.27649981931412865,0.15061340772691217,0.5728867729589593
34254,0.21233464826229395,0.11673854429071064,0.6709268074469954
13013,0.22245748320543535,0.13411206146348856,0.6434304553310761
19367,0.21958601788485158,0.10991731484699588,0.6704966672681526
3293,0.20159542083312654,0.1457196018626485,0.6526849773042249
3445,0.12098396305363558,0.2058383485753898,0.6731776883709746
1214,0.12296460050155986,0.20329858638496007,0.6737368131134801
55485,0.18508074460398524,0.10087348016836874,0.714045775227646
33114,0.1996236330804595,0.21619977343268182,0.5841765934868587
63742,0.10508329671242271,0.18410578170476333,0.710810921582814
10125,0.1323035459136108,0.23004294421417829,0.6376535098722109
36884,0.1201356381135944,0.20332604011566557,0.67653832177074
49129,0.2776786416000914,0.14281236694523614,0.5795089914546725
16590,0.21467700826446956,0.12863009907745815,0.6566928926580723
12253,0.2005981819722609,0.1038781156583454,0.6955237023693936
10757,0.17916587119631808,0.09523315163693863,0.7256009771667434
27401,0.12581529532447458,0.20928491682213007,0.6648997878533953
10755,0.10401200151898214,0.1809524342989703,0.7150355641820475
3531,0.11207580305263433,0.1628601461531114,0.7250640507942543
30047,0.17715431265939105,0.14731441050363736,0.6755312768369717
28165,0.1296770258522503,0.20692463896432411,0.6633983351834256
57561,0.19981809846982274,0.21573155053670168,0.5844503509934756
50495,0.16554711329164618,0.17147937326540472,0.6629735134429491
30153,0.16624835358631204,0.24368991282283703,0.5900617335908509
26243,0.10414630306991343,0.2618887232101105,0.6339649737199761
34025,0.2036103533591579,0.12422594601808727,0.6721637006227549
28793,0.18296296163289796,0.0992428029905179,0.7177942353765842
33026,0.17430251481056902,0.10122555886059124,0.7244719263288397
36460,0.12243357033431335,0.20850448577192596,0.6690619438937607
7554,0.2271460167098051,0.13445279713708772,0.6384011861531071
13458,0.2610588587715961,0.15472685078483484,0.584214290443569
60770,0.18033104121348262,0.10695650968260931,0.7127124491039081
49004,0.15635451729756134,0.1527040618239118,0.6909414208785268
63115,0.22600201056499358,0.13538005289732413,0.6386179365376823
25075,0.24324014383819467,0.12668994552290383,0.6300699106389015
36877,0.15438789502063632,0.18426298830716606,0.6613491166721976
13944,0.1379592231518426,0.22052868809315695,0.6415120887550005
3337,0.18274937048668466,0.16204943474465036,0.655201194768665
6559,0.1646542235783677,0.24223782676712322,0.5931079496545091
22961,0.17975613046806244,0.11192598715167269,0.7083178823802649
50805,0.23390287793284217,0.12920233613111626,0.6368947859360415
17005,0.18890622421090367,0.0999269450971964,0.7111668306918999
7231,0.22850527759532585,0.13422590930591824,0.6372688130987559
41920,0.10752159244613724,0.18244364530966684,0.7100347622441959
31389,0.2275170510511457,0.1295601601300963,0.642922788818758
40479,0.1441441049128022,0.21241553834718874,0.6434403567400091
21572,0.22320745263256755,0.13874590385076355,0.6380466435166688
5533,0.15384331418593178,0.2598545994037078,0.5863020864103604
23927,0.13725807632221917,0.2250833204689692,0.6376586032088116
9107,0.12329917810972424,0.20447619829526753,0.6722246235950083
12160,0.17737691151510407,0.10686362597817071,0.7157594625067253
361,0.13204663271408443,0.23172560781249196,0.6362277594734237
34104,0.20661962575112505,0.12226690661750303,0.6711134676313719
30704,0.17755003118288804,0.10373950868318578,0.7187104601339263
15202,0.12513661183910194,0.20982773615920702,0.6650356520016911
50637,0.18206001829107893,0.10450891651356874,0.7134310651953523
54823,0.2237672155182809,0.12187762775960297,0.6543551567221162
37634,0.18560477887068083,0.10280926971279014,0.7115859514165291
5535,0.25171122615628533,0.10110896157014698,0.6471798122735678
26941,0.13948735998759265,0.22268300090401297,0.6378296391083944
11895,0.26160885608535933,0.15024197777172232,0.5881491661429185
46241,0.21475912998243663,0.2077967186448757,0.5774441513726878
30359,0.2264831127872504,0.13262097036435427,0.6408959168483954
53863,0.1685229552041062,0.10804191405507596,0.7234351307408179
34551,0.21430268490880677,0.11690110407783827,0.668796211013355
12407,0.13464081572452877,0.23209499498991404,0.6332641892855573
62559,0.13739703066720702,0.22576870426962686,0.6368342650631661
30929,0.24085157556511066,0.12794853415203966,0.6311998902828497
24156,0.21190256493525073,0.11895346001510469,0.6691439750496445
51175,0.1095878793506412,0.17767806495459107,0.7127340556947678
12543,0.12716937990149604,0.19769474502456916,0.6751358750739348
2536,0.1425431660247217,0.22112643122723993,0.6363304027480384
28718,0.12432410930678006,0.2010645966056829,0.6746112940875371
11500,0.13176464314035055,0.19591311343753198,0.6723222434221175
35101,0.12357476280206403,0.20573453620074025,0.6706907009971957
62798,0.22064255172779743,0.13561523134486853,0.643742216927334
22901,0.17695858394041594,0.10914132224969192,0.7139000938098922
6006,0.23449767195049337,0.20645122853694453,0.5590510995125622
37047,0.22718150091688194,0.11927955337120673,0.6535389457119114
63546,0.12891542977016623,0.2377489450709433,0.6333356251588905
51685,0.18337261916218545,0.09805211418297309,0.7185752666548415
44247,0.15878500716006358,0.254250996896641,0.5869639959432954
2179,0.10740423276023944,0.1794447144585541,0.7131510527812066
55217,0.10981677954660589,0.1750234423762449,0.7151597780771493
27592,0.10292237111829776,0.1826477532894197,0.7144298755922825
43533,0.17370472115725302,0.11001622228935164,0.7162790565533953
45849,0.2586998645487857,0.15216162787503418,0.5891385075761801
62225,0.23382456499873153,0.13431296458194075,0.6318624704193277
23422,0.2552734542838032,0.15673048402129142,0.5879960616949054
43544,0.2046075781632172,0.12135128477071835,0.6740411370660644
1715,0.12045103110860857,0.22266045376467414,0.6568885151267173
43943,0.25689510564031015,0.1542088803553834,0.5888960140043065
7206,0.23103525261595773,0.1319350017093869,0.6370297456746554
21875,0.1768703277146161,0.1171267738333446,0.7060028984520392
57575,0.2012371905981247,0.10779968435485358,0.6909631250470217
8540,0.11014912530947327,0.18253821788000046,0.7073126568105262
35091,0.1812287629767308,0.1049350518694212,0.7138361851538481
15355,0.22393275199817425,0.14597130636768552,0.6300959416341403
15071,0.2125860117148021,0.11798035494964075,0.6694336333355572
54498,0.1821893179211767,0.0999993017701342,0.7178113803086892
34933,0.16703294730083318,0.25089339106018504,0.5820736616389818
34399,0.2603715264421194,0.15163663386798845,0.5879918396898922
52164,0.213034145473024,0.2033943264932424,0.5835715280337336
29296,0.24716951026258682,0.1264869628962826,0.6263435268411306
25482,0.13629887277963926,0.21891807346392583,0.6447830537564349
7546,0.1619869848873784,0.1106126681555577,0.727400346957064
53491,0.1269146876835515,0.2014334484924507,0.6716518638239978
43753,0.15176568939851148,0.26603384011323505,0.5822004704882535
47594,0.15683723510228129,0.16532943515692441,0.6778333297407944
8101,0.2384192103566238,0.13231219183606335,0.6292685978073128
62052,0.2546157304472825,0.16299150780368044,0.5823927617490372
37204,0.21814085381921028,0.11418127459762553,0.6676778715831642
60944,0.10789994055913477,0.1750019261910713,0.717098133249794
35936,0.19884768731535965,0.2216764102141426,0.5794759024704977
53142,0.20441167442580838,0.10562100883766498,0.6899673167365267
60542,0.2455993078527765,0.15629960122059927,0.5981010909266242
12372,0.10257757183412282,0.1771264159949648,0.7202960121709123
25273,0.22330144288550002,0.13484831320650423,0.6418502439079957
39220,0.2690332789824445,0.14710978405622205,0.5838569369613336
58223,0.137855699866228,0.1978383646728645,0.6643059354609074
14945,0.1170079107860624,0.1759186723922544,0.7070734168216832
44360,0.20843286438090708,0.1230991919711547,0.6684679436479383
49267,0.13937003980767765,0.22087973080418005,0.6397502293881423
62818,0.2608907434572269,0.1551230880101344,0.5839861685326387
9076,0.12271343638303782,0.20477376080564338,0.6725128028113188
59192,0.19204071988638924,0.10361412674369525,0.7043451533699157
59238,0.1637915265905609,0.2548376160782084,0.5813708573312307
19251,0.17877340636813033,0.10214309240256231,0.7190835012293073
10320,0.2745140735702679,0.1404322737103344,0.5850536527193977
36021,0.17297937331163996,0.09831425017855362,0.7287063765098064
11713,0.13371544645039776,0.19935800817032487,0.6669265453792774
19659,0.10806378720511818,0.18437172730674734,0.7075644854881346
22809,0.28504968776963036,0.1473304332695903,0.5676198789607794
21898,0.1930753551290458,0.15539184369739997,0.6515328011735542
57778,0.21310440913046558,0.11630652930796996,0.6705890615615645
9708,0.18063719629216973,0.09803213164729961,0.7213306720605306
25716,0.10947131340028374,0.17477456685831586,0.7157541197414005
21801,0.10484981561892903,0.18322292969958615,0.7119272546814849
3256,0.1314352116256791,0.22997081874652184,0.6385939696277991
61847,0.19254111273517752,0.14295464711076386,0.6645042401540586
10631,0.15591945129816834,0.25833678202836163,0.5857437666734701
47122,0.1397574464343641,0.22436685306067694,0.6358757005049589
47459,0.16947932162025814,0.25374092034462126,0.5767797580351207
2455,0.13203731912955835,0.19930422979321794,0.6686584510772238
58651,0.2680317654921598,0.1468766241903546,0.5850916103174857
26862,0.1446316015794122,0.2157098688675275,0.6396585295530604
46287,0.12484662299595203,0.2080086887872051,0.6671446882168429
10363,0.18221071470196226,0.10341195728483023,0.7143773280132075
14423,0.10973643310732682,0.17769042411547364,0.7125731427771995
53208,0.1069734768459468,0.17786882118049663,0.7151577019735567
49497,0.2176451310561238,0.1252071204009154,0.6571477485429608
49303,0.26650263005491687,0.14972530184211905,0.5837720681029642
42457,0.22582110115679963,0.13366264901916544,0.640516249824035
62196,0.09774844629255527,0.2017348588296636,0.7005166948777811
40206,0.2605523283257344,0.1546308955300813,0.5848167761441843
29418,0.22351012224577915,0.13680551086296042,0.6396843668912605
54306,0.13586319037776534,0.22119393924822942,0.6429428703740053
2353,0.22244833782447035,0.1341245937250721,0.6434270684504575
47826,0.1344504621117361,0.22678842467999313,0.6387611132082708
18862,0.2623135529939376,0.1493305491645155,0.588355897841547
51149,0.2638513465416371,0.15002445539144424,0.5861241980669186
40722,0.11870960700218125,0.17401369297799846,0.7072767000198203
15712,0.21971223039517032,0.20312461801005874,0.5771631515947709
38731,0.13344688669331423,0.21539987649254083,0.6511532368141449
3298,0.126044895178337,0.23165507650364406,0.642300028318019
39876,0.22808351258622073,0.1326321814752915,0.6392843059384878
13996,0.12375213747580455,0.20332772164404464,0.6729201408801508
45030,0.18768958604754268,0.10003480657977741,0.7122756073726799
34087,0.12498634247348545,0.2094144265908314,0.6655992309356832
14092,0.2027678619396503,0.20906240096499096,0.5881697370953587
59038,0.21059326513568166,0.22560834578675398,0.5637983890775644
33894,0.20217697542950747,0.09369896495579522,0.7041240596146973
37215,0.15967951021397767,0.2553188556154859,0.5850016341705364
14295,0.2589959711177288,0.15511500587360352,0.5858890230086677
58117,0.23024445141680763,0.13151783719368884,0.6382377113895035
1977,0.09949560718242209,0.1963099189672624,0.7041944738503155
11770,0.10725768102598629,0.17312603506899021,0.7196162839050236
26427,0.19048868939219601,0.09869717123201273,0.7108141393757913
9578,0.2134892330482236,0.2255722481394852,0.5609385188122912
39858,0.27091796407102425,0.14610855509419884,0.5829734808347768
11780,0.23469834770321482,0.16573648006764277,0.5995651722291424
21450,0.17692623705677799,0.10802325125346157,0.7150505116897605
4408,0.2302754945531748,0.1326157812108164,0.6371087242360088
50193,0.07264246579048772,0.15880072528366762,0.7685568089258447
1047,0.12327920203338306,0.20508846606609415,0.6716323319005227
27743,0.1079459531179316,0.17491667681699016,0.7171373700650783
27593,0.10234151826139776,0.18630249570569424,0.7113559860329081
10383,0.15484294301579068,0.25908039841096786,0.5860766585732414
942,0.10919638186203134,0.18133976206384939,0.7094638560741193
1676,0.09915664995163082,0.1975414429452932,0.703301907103076
9892,0.1191349011516669,0.1998165588221919,0.6810485400261411
42138,0.2227582315227918,0.13710307958391033,0.6401386888932978
11043,0.19431443950735075,0.22576833030656712,0.5799172301860821
62314,0.19848590051595968,0.1993799000400898,0.6021341994439505
15281,0.10832087280963215,0.17006553850677159,0.7216135886835964
2268,0.11006995107074187,0.16957105715307066,0.7203589917761875
6431,0.2397715590418012,0.12521217094021603,0.6350162700179828
25868,0.23573879998549815,0.13434868186511698,0.629912518149385
59036,0.10515572217714661,0.16792959411382447,0.726914683709029
53311,0.11003279639044501,0.16820905036598943,0.7217581532435655
31675,0.1591782887440228,0.251330375959424,0.5894913352965533
809,0.16604730262640327,0.2526943198099711,0.5812583775636257
50214,0.12469432262095566,0.21026601868914477,0.6650396586898996
6016,0.10496751562454194,0.17079148747869455,0.7242409968967636
16677,0.3117334033251998,0.12630310136738448,0.5619634953074157
44107,0.22337893801553757,0.205013815952004,0.5716072460324584
28737,0.2564488296858126,0.1554934246641338,0.5880577456500536
13205,0.19580650967526356,0.13970165457562622,0.6644918357491103
58888,0.22655757251129902,0.13409288402352393,0.639349543465177
53285,0.10597396132336549,0.1847672823350827,0.7092587563415518
45859,0.14381392078186542,0.20670800006020226,0.6494780791579323
6738,0.18495597986591206,0.10251661941470987,0.712527400719378
43050,0.18477981056864143,0.15329292076292525,0.6619272686684333
40357,0.1310528191975315,0.23464368082475787,0.6343034999777106
22796,0.2276592017566926,0.13500857858060314,0.6373322196627043
42032,0.10924958617264022,0.18026072402482682,0.710489689802533
37767,0.176627883797043,0.10505075223332218,0.7183213639696349
863,0.173915689109013,0.10766904629412057,0.7184152645968664
8035,0.10724132644226991,0.1799437023639643,0.7128149711937658
31392,0.18421265790416777,0.10565023406422475,0.7101371080316075
31336,0.22326372274088088,0.13395523312056198,0.6427810441385572
20412,0.11199111891061776,0.17499670578901333,0.713012175300369
15866,0.2264449541958821,0.13622840127214378,0.6373266445319741
45702,0.1320299424167933,0.2027354131467796,0.6652346444364271
52326,0.22377731961747724,0.11460958368450397,0.6616130966980188
26184,0.19334630035352465,0.13520415624129148,0.6714495434051839
8179,0.10591070415727204,0.1856377600692806,0.7084515357734474
48719,0.18942681932525882,0.13969573384560233,0.6708774468291389
20146,0.2047603246264631,0.12563214350198354,0.6696075318715533
48342,0.19353989849647996,0.09595774566095816,0.7105023558425619
6529,0.18889264770594186,0.09839692492557754,0.7127104273684807
54009,0.22515362979449377,0.1353649447889939,0.6394814254165123
39855,0.19232115703061387,0.20009639612874822,0.607582446840638
3593,0.18429532683295152,0.10375973040429122,0.7119449427627573
39975,0.16840841275006782,0.24354920319515905,0.5880423840547732
58592,0.09754922233365117,0.18269141602807387,0.719759361638275
35909,0.19641682251602183,0.09638584122024399,0.7071973362637343
12578,0.2517405061822586,0.14684157432600017,0.6014179194917413
17063,0.14712355471546168,0.2134884382783649,0.6393880070061734
51635,0.230923920912232,0.13320307998184278,0.6358729991059253
31811,0.12267061754084584,0.1988077572422421,0.6785216252169121
35898,0.12764672873224348,0.19654225015814583,0.6758110211096108
45448,0.22691492534195354,0.21473907408224668,0.5583460005757998
9086,0.13856776086425737,0.22249175476864955,0.6389404843670932
6555,0.12149487338668159,0.20581432138448277,0.6726908052288356
51812,0.18179526330014598,0.10860888135128892,0.7095958553485652
53928,0.23788436929142867,0.10570599532245677,0.6564096353861145
63954,0.11654249688650198,0.22420537176798408,0.659252131345514
49786,0.23109572553095709,0.1326235875222058,0.6362806869468371
24648,0.22956073777407346,0.13400624513265127,0.6364330170932753
55407,0.15720030424924178,0.2562324641399813,0.586567231610777
51876,0.19479609831707018,0.10053792148647467,0.7046659801964551
60158,0.1409546904898995,0.2204619176715564,0.6385833918385442
56289,0.23066700509169225,0.1313153440883382,0.6380176508199696
19951,0.22177470547506203,0.13720687359466563,0.6410184209302724
43730,0.26663080538708545,0.1521557363707627,0.5812134582421519
34649,0.14636192744153956,0.2690875024019966,0.5845505701564639
60153,0.19015897097622475,0.11254188948924966,0.6972991395345256
57441,0.1383882432817902,0.22307961696381076,0.638532139754399
45380,0.2277008252120643,0.1317003014476692,0.6405988733402664
21376,0.1827063120728124,0.10143140382674466,0.715862284100443
14080,0.19805519422392007,0.11765896305098213,0.6842858427250977
7144,0.11607640905891776,0.16902269377964504,0.7149008971614372
11722,0.16964491616288482,0.10788817807499892,0.7224669057621163
18189,0.2514010698245993,0.1468577562760454,0.6017411738993553
13884,0.15118721668866875,0.26719010987612196,0.5816226734352092
21405,0.15379456705270486,0.2709337526465861,0.5752716803007091
2752,0.18072137426714943,0.10280537151523055,0.7164732542176201
44057,0.27662681127063443,0.14101359179930392,0.5823595969300617
43247,0.13552226422540267,0.2282943817223128,0.6361833540522845
21403,0.1840426106123604,0.2359504587344899,0.5800069306531498
49736,0.225263817862058,0.12325995588495896,0.6514762262529831
44494,0.1332667040063791,0.2038600085544589,0.662873287439162
13253,0.19547733972144374,0.14741721702369834,0.6571054432548579
13522,0.26343064585735915,0.14889266142166818,0.5876766927209727
14478,0.1635596708344645,0.24689518310341427,0.5895451460621213
62948,0.1320449242891378,0.22263116802520994,0.6453239076856523
21652,0.22179014432549163,0.14241151328895402,0.6357983423855544
55688,0.1256953721540796,0.20454063966472416,0.6697639881811962
38239,0.17977779712981232,0.23391406467992437,0.5863081381902634
59107,0.17322556317657,0.15180763302304212,0.674966803800388
63654,0.16769910439613753,0.25002462682644044,0.5822762687774221
56964,0.13606940827574182,0.2284071972232659,0.6355233945009924
30401,0.11190600647180234,0.16663449785199594,0.7214594956762018
35594,0.158490408820736,0.17418767946532387,0.6673219117139401
21303,0.22716902389166627,0.13105563436979986,0.6417753417385339
25612,0.15643469626091416,0.2629327439026136,0.5806325598364722
17421,0.12230903220107767,0.2251972947683779,0.6524936730305444
30272,0.11163400638621503,0.17319570401940845,0.7151702895943766
52751,0.09876540860672028,0.18092006077521114,0.7203145306180686
33673,0.2370704937840583,0.12792164939515335,0.6350078568207883
40363,0.22729147962190704,0.13647129917510364,0.6362372212029893
56019,0.09961620611187766,0.1634165891596124,0.73696720472851
